 17  65 1   2.298   2.865   9.958  12.475  21.536  22.070      4.967  23.822      1   1
 17  66 3   2.019   2.553   9.246  11.763  20.440  20.974      4.729  22.233      3   0
 17  26 1   0.000   0.000   0.000   0.000   0.000   0.000      0.000   0.000      0   0
 17  28 2   0.000   0.000   0.000   0.000   0.000   0.000      0.000   0.000      0   0
 17  49 2   0.000   0.000   0.000   0.000   0.000   0.000      0.000   0.000      0   0
 17  14 1   0.000   0.000   0.000   0.000   0.000   0.000      0.000   0.000      0   0
 17  17 1   0.000   0.000   0.000   0.000   0.000   0.000      0.000   0.000      0   0
 17  33 3   0.000   0.000   0.000   0.000   0.000   0.000      0.000   0.000      0   0
 17  40 2   0.000   0.000   0.000   0.000   0.000   0.000      0.000   0.000      0   0
 17  44 1   0.000   0.000   0.000   0.000   0.000   0.000      0.000   0.000      0   0
 17  38 1   0.000   0.000   0.000   0.000   0.000   0.000      0.000   0.000      0   0
 17  42 3   0.000   0.000   0.000   0.000   0.000   0.000      0.000   0.000      0   0
 17  53 1   0.000   0.000   0.000   0.000   0.000   0.000      0.000   0.000      0   0
 17  36 3   0.000   0.000   0.000   0.000   0.000   0.000      0.000   0.000      0   0
 17  41 1   0.000   0.000   0.000   0.000   0.000   0.000      0.000   0.000      0   0
 17  75 3   0.000   0.000   0.000   0.000   0.000   0.000      0.000   0.000      0   0
 17  74 1   0.000   0.000   0.000   0.000   0.000   0.000      0.000   0.000      0   0
 17  1 2   0.000   0.000   0.000   0.000   0.000   0.000      0.000   0.000      0   0
 17  32 1   0.000   0.000   0.000   0.000   0.000   0.000      0.000   0.000      0   0
 17  31 2   0.000   0.000   0.000   0.000   0.000   0.000      0.000   0.000      0   0
 17  5 1   0.000   0.000   0.000   0.000   0.000   0.000      0.000   0.000      0   0
 17  71 1   0.000   0.000   0.000   0.000   0.000   0.000      0.000   0.000      0   0
 17  39 3   0.000   0.000   0.000   0.000   0.000   0.000      0.000   0.000      0   0
 17  9 3   0.000   0.000   0.000   0.000   0.000   0.000      0.000   0.000      0   0
 17  60 3   0.000   0.000   0.000   0.000   0.000   0.000      0.000   0.000      0   0
 17  29 1   0.000   0.000   0.000   0.000   0.000   0.000      0.000   0.000      0   0
 17  54 3   0.000   0.000   0.000   0.000   0.000   0.000      0.000   0.000      0   0
 17  16 2   0.000   0.000   0.000   0.000   0.000   0.000      0.000   0.000      0   0
 17  12 3   0.000   0.000   0.000   0.000   0.000   0.000      0.000   0.000      0   0
 17  7 2   0.000   0.000   0.000   0.000   0.000   0.000      0.000   0.000      0   0
 17  78 3   0.000   0.000   0.000   0.000   0.000   0.000      0.000   0.000      0   0
 17  59 1   0.000   0.000   0.000   0.000   0.000   0.000      0.000   0.000      0   0
 17  47 1   0.000   0.000   0.000   0.000   0.000   0.000      0.000   0.000      0   0
 17  48 3   0.000   0.000   0.000   0.000   0.000   0.000      0.000   0.000      0   0
 17  20 1   0.000   0.000   0.000   0.000   0.000   0.000      0.000   0.000      0   0
 17  50 1   0.000   0.000   0.000   0.000   0.000   0.000      0.000   0.000      0   0
 17  18 3   0.000   0.000   0.000   0.000   0.000   0.000      0.000   0.000      0   0
 17  69 3   0.000   0.000   0.000   0.000   0.000   0.000      0.000   0.000      0   0
 17  62 1   0.000   0.000   0.000   0.000   0.000   0.000      0.000   0.000      0   0
 17  4 2   0.000   0.000   0.000   0.000   0.000   0.000      0.000   0.000      0   0
 17  56 1   0.000   0.000   0.000   0.000   0.000   0.000      0.000   0.000      0   0
 17  76 2   0.000   0.000   0.000   0.000   0.000   0.000      0.000   0.000      0   0
 17  43 2   0.000   0.000   0.000   0.000   0.000   0.000      0.000   0.000      0   0
 17  13 2   0.000   0.000   0.000   0.000   0.000   0.000      0.000   0.000      0   0
 17  51 3   0.000   0.000   0.000   0.000   0.000   0.000      0.000   0.000      0   0
 17  24 3   0.000   0.000   0.000   0.000   0.000   0.000      0.000   0.000      0   0
 17  35 1   0.000   0.000   0.000   0.000   0.000   0.000      0.000   0.000      0   0
 17  3 3   0.000   0.000   0.000   0.000   0.000   0.000      0.000   0.000      0   0
 17  37 2   0.000   0.000   0.000   0.000   0.000   0.000      0.000   0.000      0   0
 17  72 3   0.000   0.000   0.000   0.000   0.000   0.000      0.000   0.000      0   0
 17  8 1   0.000   0.000   0.000   0.000   0.000   0.000      0.000   0.000      0   0
 17  11 1   0.000   0.000   0.000   0.000   0.000   0.000      0.000   0.000      0   0
 17  55 2   0.000   0.000   0.000   0.000   0.000   0.000      0.000   0.000      0   0
 17  64 2   0.000   0.000   0.000   0.000   0.000   0.000      0.000   0.000      0   0
 17  45 3   0.000   0.000   0.000   0.000   0.000   0.000      0.000   0.000      0   0
 17  61 2   0.000   0.000   0.000   0.000   0.000   0.000      0.000   0.000      0   0
 17  77 1   0.000   0.000   0.000   0.000   0.000   0.000      0.000   0.000      0   0
 17  57 3   0.000   0.000   0.000   0.000   0.000   0.000      0.000   0.000      0   0
 17  27 3   0.000   0.000   0.000   0.000   0.000   0.000      0.000   0.000      0   0
 17  70 2   0.000   0.000   0.000   0.000   0.000   0.000      0.000   0.000      0   0
 17  23 1   0.000   0.000   0.000   0.000   0.000   0.000      0.000   0.000      0   0
 17  34 2   0.000   0.000   0.000   0.000   0.000   0.000      0.000   0.000      0   0
 17  2 1   0.000   0.000   0.000   0.000   0.000   0.000      0.000   0.000      0   0
 17  6 3   0.000   0.000   0.000   0.000   0.000   0.000      0.000   0.000      0   0
 17  19 2   0.000   0.000   0.000   0.000   0.000   0.000      0.000   0.000      0   0
 17  68 1   0.000   0.000   0.000   0.000   0.000   0.000      0.000   0.000      0   0
 17  21 3   0.000   0.000   0.000   0.000   0.000   0.000      0.000   0.000      0   0
 17  58 2   0.000   0.000   0.000   0.000   0.000   0.000      0.000   0.000      0   0
 17  63 3   0.000   0.000   0.000   0.000   0.000   0.000      0.000   0.000      0   0
 17  52 2   0.000   0.000   0.000   0.000   0.000   0.000      0.000   0.000      0   0
 17  30 3   0.000   0.000   0.000   0.000   0.000   0.000      0.000   0.000      0   0
 17  73 2   0.000   0.000   0.000   0.000   0.000   0.000      0.000   0.000      0   0
 17  67 2   0.000   0.000   0.000   0.000   0.000   0.000      0.000   0.000      0   0
 17  15 3   0.000   0.000   0.000   0.000   0.000   0.000      0.000   0.000      0   0
 17  25 2   0.000   0.000   0.000   0.000   0.000   0.000      0.000   0.000      0   0
 17  22 2   0.000   0.000   0.000   0.000   0.000   0.000      0.000   0.000      0   0
 17  10 2   0.000   0.000   0.000   0.000   0.000   0.000      0.000   0.000      0   0
 17  46 2   0.000   0.000   0.000   0.000   0.000   0.000      0.000   0.000      0   0
  1  16 1   2.198   2.781  10.147  12.665  21.997  22.547     -1.000  -1.000     -1  -1
  1  15 2   2.016   2.550  10.316  12.833  22.565  23.115     -1.000  -1.000     -1  -1
  1  8 3   0.000   0.000   0.000   0.000   0.000   0.000      0.000   0.000      0   0
  1  31 1   0.000   0.000   0.000   0.000   0.000   0.000      0.000   0.000      0   0
  1  11 3   0.000   0.000   0.000   0.000   0.000   0.000      0.000   0.000      0   0
  1  43 1   0.000   0.000   0.000   0.000   0.000   0.000      0.000   0.000      0   0
  1  36 2   0.000   0.000   0.000   0.000   0.000   0.000      0.000   0.000      0   0
  1  50 3   0.000   0.000   0.000   0.000   0.000   0.000      0.000   0.000      0   0
  1  24 2   0.000   0.000   0.000   0.000   0.000   0.000      0.000   0.000      0   0
  1  47 3   0.000   0.000   0.000   0.000   0.000   0.000      0.000   0.000      0   0
  1  77 3   0.000   0.000   0.000   0.000   0.000   0.000      0.000   0.000      0   0
  1  57 2   0.000   0.000   0.000   0.000   0.000   0.000      0.000   0.000      0   0
  1  74 3   0.000   0.000   0.000   0.000   0.000   0.000      0.000   0.000      0   0
  1  49 1   0.000   0.000   0.000   0.000   0.000   0.000      0.000   0.000      0   0
  1  53 3   0.000   0.000   0.000   0.000   0.000   0.000      0.000   0.000      0   0
  1  17 3   0.000   0.000   0.000   0.000   0.000   0.000      0.000   0.000      0   0
  1  62 3   0.000   0.000   0.000   0.000   0.000   0.000      0.000   0.000      0   0
  1  21 2   0.000   0.000   0.000   0.000   0.000   0.000      0.000   0.000      0   0
  1  37 1   0.000   0.000   0.000   0.000   0.000   0.000      0.000   0.000      0   0
  1  42 2   0.000   0.000   0.000   0.000   0.000   0.000      0.000   0.000      0   0
  1  64 1   0.000   0.000   0.000   0.000   0.000   0.000      0.000   0.000      0   0
  1  28 1   0.000   0.000   0.000   0.000   0.000   0.000      0.000   0.000      0   0
  1  68 3   0.000   0.000   0.000   0.000   0.000   0.000      0.000   0.000      0   0
  1  2 3   0.000   0.000   0.000   0.000   0.000   0.000      0.000   0.000      0   0
  1  34 1   0.000   0.000   0.000   0.000   0.000   0.000      0.000   0.000      0   0
  1  59 3   0.000   0.000   0.000   0.000   0.000   0.000      0.000   0.000      0   0
  1  41 3   0.000   0.000   0.000   0.000   0.000   0.000      0.000   0.000      0   0
  1  58 1   0.000   0.000   0.000   0.000   0.000   0.000      0.000   0.000      0   0
  1  70 1   0.000   0.000   0.000   0.000   0.000   0.000      0.000   0.000      0   0
  1  7 1   0.000   0.000   0.000   0.000   0.000   0.000      0.000   0.000      0   0
  1  65 3   0.000   0.000   0.000   0.000   0.000   0.000      0.000   0.000      0   0
  1  30 2   0.000   0.000   0.000   0.000   0.000   0.000      0.000   0.000      0   0
  1  60 2   0.000   0.000   0.000   0.000   0.000   0.000      0.000   0.000      0   0
  1  73 1   0.000   0.000   0.000   0.000   0.000   0.000      0.000   0.000      0   0
  1  69 2   0.000   0.000   0.000   0.000   0.000   0.000      0.000   0.000      0   0
  1  26 3   0.000   0.000   0.000   0.000   0.000   0.000      0.000   0.000      0   0
  1  56 3   0.000   0.000   0.000   0.000   0.000   0.000      0.000   0.000      0   0
  1  61 1   0.000   0.000   0.000   0.000   0.000   0.000      0.000   0.000      0   0
  1  32 3   0.000   0.000   0.000   0.000   0.000   0.000      0.000   0.000      0   0
  1  25 1   0.000   0.000   0.000   0.000   0.000   0.000      0.000   0.000      0   0
  1  40 1   0.000   0.000   0.000   0.000   0.000   0.000      0.000   0.000      0   0
  1  54 2   0.000   0.000   0.000   0.000   0.000   0.000      0.000   0.000      0   0
  1  39 2   0.000   0.000   0.000   0.000   0.000   0.000      0.000   0.000      0   0
  1  23 3   0.000   0.000   0.000   0.000   0.000   0.000      0.000   0.000      0   0
  1  44 3   0.000   0.000   0.000   0.000   0.000   0.000      0.000   0.000      0   0
  1  14 3   0.000   0.000   0.000   0.000   0.000   0.000      0.000   0.000      0   0
  1  55 1   0.000   0.000   0.000   0.000   0.000   0.000      0.000   0.000      0   0
  1  27 2   0.000   0.000   0.000   0.000   0.000   0.000      0.000   0.000      0   0
  1  5 3   0.000   0.000   0.000   0.000   0.000   0.000      0.000   0.000      0   0
  1  71 3   0.000   0.000   0.000   0.000   0.000   0.000      0.000   0.000      0   0
  1  29 3   0.000   0.000   0.000   0.000   0.000   0.000      0.000   0.000      0   0
  1  19 1   0.000   0.000   0.000   0.000   0.000   0.000      0.000   0.000      0   0
  1  75 2   0.000   0.000   0.000   0.000   0.000   0.000      0.000   0.000      0   0
  1  38 3   0.000   0.000   0.000   0.000   0.000   0.000      0.000   0.000      0   0
  1  12 2   0.000   0.000   0.000   0.000   0.000   0.000      0.000   0.000      0   0
  1  51 2   0.000   0.000   0.000   0.000   0.000   0.000      0.000   0.000      0   0
  1  46 1   0.000   0.000   0.000   0.000   0.000   0.000      0.000   0.000      0   0
  1  22 1   0.000   0.000   0.000   0.000   0.000   0.000      0.000   0.000      0   0
  1  76 1   0.000   0.000   0.000   0.000   0.000   0.000      0.000   0.000      0   0
  1  1 1   0.000   0.000   0.000   0.000   0.000   0.000      0.000   0.000      0   0
  1  3 2   0.000   0.000   0.000   0.000   0.000   0.000      0.000   0.000      0   0
  1  78 2   0.000   0.000   0.000   0.000   0.000   0.000      0.000   0.000      0   0
  1  66 2   0.000   0.000   0.000   0.000   0.000   0.000      0.000   0.000      0   0
  1  52 1   0.000   0.000   0.000   0.000   0.000   0.000      0.000   0.000      0   0
  1  6 2   0.000   0.000   0.000   0.000   0.000   0.000      0.000   0.000      0   0
  1  13 1   0.000   0.000   0.000   0.000   0.000   0.000      0.000   0.000      0   0
  1  67 1   0.000   0.000   0.000   0.000   0.000   0.000      0.000   0.000      0   0
  1  33 2   0.000   0.000   0.000   0.000   0.000   0.000      0.000   0.000      0   0
  1  9 2   0.000   0.000   0.000   0.000   0.000   0.000      0.000   0.000      0   0
  1  72 2   0.000   0.000   0.000   0.000   0.000   0.000      0.000   0.000      0   0
  1  48 2   0.000   0.000   0.000   0.000   0.000   0.000      0.000   0.000      0   0
  1  4 1   0.000   0.000   0.000   0.000   0.000   0.000      0.000   0.000      0   0
  1  18 2   0.000   0.000   0.000   0.000   0.000   0.000      0.000   0.000      0   0
  1  35 3   0.000   0.000   0.000   0.000   0.000   0.000      0.000   0.000      0   0
  1  20 3   0.000   0.000   0.000   0.000   0.000   0.000      0.000   0.000      0   0
  1  45 2   0.000   0.000   0.000   0.000   0.000   0.000      0.000   0.000      0   0
  1  10 1   0.000   0.000   0.000   0.000   0.000   0.000      0.000   0.000      0   0
  1  63 2   0.000   0.000   0.000   0.000   0.000   0.000      0.000   0.000      0   0
  2  74 1   2.129   2.695  10.195  12.728  22.194  22.727     -1.000  -1.000     -1  -1
  2  47 1   2.016   2.550   9.933  12.449  21.799  22.332     -1.000  -1.000     -1  -1
  2  62 1   0.000   0.000   0.000   0.000   0.000   0.000      0.000   0.000      0   0
  2  3 3   0.000   0.000   0.000   0.000   0.000   0.000      0.000   0.000      0   0
  2  19 2   0.000   0.000   0.000   0.000   0.000   0.000      0.000   0.000      0   0
  2  70 2   0.000   0.000   0.000   0.000   0.000   0.000      0.000   0.000      0   0
  2  49 2   0.000   0.000   0.000   0.000   0.000   0.000      0.000   0.000      0   0
  2  31 2   0.000   0.000   0.000   0.000   0.000   0.000      0.000   0.000      0   0
  2  27 3   0.000   0.000   0.000   0.000   0.000   0.000      0.000   0.000      0   0
  2  54 3   0.000   0.000   0.000   0.000   0.000   0.000      0.000   0.000      0   0
  2  1 2   0.000   0.000   0.000   0.000   0.000   0.000      0.000   0.000      0   0
  2  59 1   0.000   0.000   0.000   0.000   0.000   0.000      0.000   0.000      0   0
  2  15 3   0.000   0.000   0.000   0.000   0.000   0.000      0.000   0.000      0   0
  2  61 2   0.000   0.000   0.000   0.000   0.000   0.000      0.000   0.000      0   0
  2  17 1   0.000   0.000   0.000   0.000   0.000   0.000      0.000   0.000      0   0
  2  65 1   0.000   0.000   0.000   0.000   0.000   0.000      0.000   0.000      0   0
  2  6 3   0.000   0.000   0.000   0.000   0.000   0.000      0.000   0.000      0   0
  2  42 3   0.000   0.000   0.000   0.000   0.000   0.000      0.000   0.000      0   0
  2  23 1   0.000   0.000   0.000   0.000   0.000   0.000      0.000   0.000      0   0
  2  36 3   0.000   0.000   0.000   0.000   0.000   0.000      0.000   0.000      0   0
  2  11 1   0.000   0.000   0.000   0.000   0.000   0.000      0.000   0.000      0   0
  2  57 3   0.000   0.000   0.000   0.000   0.000   0.000      0.000   0.000      0   0
  2  16 2   0.000   0.000   0.000   0.000   0.000   0.000      0.000   0.000      0   0
  2  69 3   0.000   0.000   0.000   0.000   0.000   0.000      0.000   0.000      0   0
  2  2 1   0.000   0.000   0.000   0.000   0.000   0.000      0.000   0.000      0   0
  2  22 2   0.000   0.000   0.000   0.000   0.000   0.000      0.000   0.000      0   0
  2  73 2   0.000   0.000   0.000   0.000   0.000   0.000      0.000   0.000      0   0
  2  18 3   0.000   0.000   0.000   0.000   0.000   0.000      0.000   0.000      0   0
  2  68 1   0.000   0.000   0.000   0.000   0.000   0.000      0.000   0.000      0   0
  2  13 2   0.000   0.000   0.000   0.000   0.000   0.000      0.000   0.000      0   0
  2  28 2   0.000   0.000   0.000   0.000   0.000   0.000      0.000   0.000      0   0
  2  52 2   0.000   0.000   0.000   0.000   0.000   0.000      0.000   0.000      0   0
  2  33 3   0.000   0.000   0.000   0.000   0.000   0.000      0.000   0.000      0   0
  2  25 2   0.000   0.000   0.000   0.000   0.000   0.000      0.000   0.000      0   0
  2  41 1   0.000   0.000   0.000   0.000   0.000   0.000      0.000   0.000      0   0
  2  35 1   0.000   0.000   0.000   0.000   0.000   0.000      0.000   0.000      0   0
  2  12 3   0.000   0.000   0.000   0.000   0.000   0.000      0.000   0.000      0   0
  2  21 3   0.000   0.000   0.000   0.000   0.000   0.000      0.000   0.000      0   0
  2  63 3   0.000   0.000   0.000   0.000   0.000   0.000      0.000   0.000      0   0
  2  20 1   0.000   0.000   0.000   0.000   0.000   0.000      0.000   0.000      0   0
  2  50 1   0.000   0.000   0.000   0.000   0.000   0.000      0.000   0.000      0   0
  2  14 1   0.000   0.000   0.000   0.000   0.000   0.000      0.000   0.000      0   0
  2  30 3   0.000   0.000   0.000   0.000   0.000   0.000      0.000   0.000      0   0
  2  55 2   0.000   0.000   0.000   0.000   0.000   0.000      0.000   0.000      0   0
  2  77 1   0.000   0.000   0.000   0.000   0.000   0.000      0.000   0.000      0   0
  2  7 2   0.000   0.000   0.000   0.000   0.000   0.000      0.000   0.000      0   0
  2  56 1   0.000   0.000   0.000   0.000   0.000   0.000      0.000   0.000      0   0
  2  64 2   0.000   0.000   0.000   0.000   0.000   0.000      0.000   0.000      0   0
  2  10 2   0.000   0.000   0.000   0.000   0.000   0.000      0.000   0.000      0   0
  2  9 3   0.000   0.000   0.000   0.000   0.000   0.000      0.000   0.000      0   0
  2  53 1   0.000   0.000   0.000   0.000   0.000   0.000      0.000   0.000      0   0
  2  43 2   0.000   0.000   0.000   0.000   0.000   0.000      0.000   0.000      0   0
  2  37 2   0.000   0.000   0.000   0.000   0.000   0.000      0.000   0.000      0   0
  2  67 2   0.000   0.000   0.000   0.000   0.000   0.000      0.000   0.000      0   0
  2  72 3   0.000   0.000   0.000   0.000   0.000   0.000      0.000   0.000      0   0
  2  4 2   0.000   0.000   0.000   0.000   0.000   0.000      0.000   0.000      0   0
  2  5 1   0.000   0.000   0.000   0.000   0.000   0.000      0.000   0.000      0   0
  2  40 2   0.000   0.000   0.000   0.000   0.000   0.000      0.000   0.000      0   0
  2  78 3   0.000   0.000   0.000   0.000   0.000   0.000      0.000   0.000      0   0
  2  32 1   0.000   0.000   0.000   0.000   0.000   0.000      0.000   0.000      0   0
  2  45 3   0.000   0.000   0.000   0.000   0.000   0.000      0.000   0.000      0   0
  2  76 2   0.000   0.000   0.000   0.000   0.000   0.000      0.000   0.000      0   0
  2  38 1   0.000   0.000   0.000   0.000   0.000   0.000      0.000   0.000      0   0
  2  71 1   0.000   0.000   0.000   0.000   0.000   0.000      0.000   0.000      0   0
  2  24 3   0.000   0.000   0.000   0.000   0.000   0.000      0.000   0.000      0   0
  2  34 2   0.000   0.000   0.000   0.000   0.000   0.000      0.000   0.000      0   0
  2  66 3   0.000   0.000   0.000   0.000   0.000   0.000      0.000   0.000      0   0
  2  48 3   0.000   0.000   0.000   0.000   0.000   0.000      0.000   0.000      0   0
  2  44 1   0.000   0.000   0.000   0.000   0.000   0.000      0.000   0.000      0   0
  2  29 1   0.000   0.000   0.000   0.000   0.000   0.000      0.000   0.000      0   0
  2  8 1   0.000   0.000   0.000   0.000   0.000   0.000      0.000   0.000      0   0
  2  58 2   0.000   0.000   0.000   0.000   0.000   0.000      0.000   0.000      0   0
  2  75 3   0.000   0.000   0.000   0.000   0.000   0.000      0.000   0.000      0   0
  2  39 3   0.000   0.000   0.000   0.000   0.000   0.000      0.000   0.000      0   0
  2  26 1   0.000   0.000   0.000   0.000   0.000   0.000      0.000   0.000      0   0
  2  46 2   0.000   0.000   0.000   0.000   0.000   0.000      0.000   0.000      0   0
  2  60 3   0.000   0.000   0.000   0.000   0.000   0.000      0.000   0.000      0   0
  2  51 3   0.000   0.000   0.000   0.000   0.000   0.000      0.000   0.000      0   0
  1  2 3   2.155   2.730  11.004  13.554  23.779  24.403     -1.000  -1.000     -1  -1
  1  1 1  33.327  33.877  43.002  45.552  56.626  57.151     -1.000  -1.000     -1  -1
  1  3 2  70.675  71.200  77.899  80.449  89.099  89.648     -1.000  -1.000     -1  -1
  2  2 1   2.077   2.677   9.451  11.976  20.701  21.250     -1.000  -1.000     -1  -1
  2  1 2  30.550  31.125  39.649  42.199  52.673  53.223     -1.000  -1.000     -1  -1
  2  3 3  62.173  62.722  69.796  72.346  81.371  81.896     -1.000  -1.000     -1  -1
  1  1 1   2.162   2.787  13.086  15.636  27.886  28.485      3.257  -1.000      1  -1
  1  2 3  37.735  38.309  46.809  49.359  59.833  60.382     -1.000  -1.000     -1  -1
  1  3 2  70.182  70.732  81.006  83.556  95.805  96.355     -1.000  -1.000     -1  -1
  1  1 1   2.077   2.677  11.051  13.601  23.926  24.475      6.891  25.892      1   1
  1  3 2  36.025  36.599  47.049  49.598  61.998  62.547     41.699  63.878      3   1
  1  2 3  73.247  73.796  82.496  85.020  95.670  96.219     78.115  98.120      4   0
  1  3 2   2.078   2.677  10.677  13.227  23.176  23.726      5.113  27.060      4   0
  1  2 3  35.575  36.125  45.324  47.874  59.048  59.598     40.750  60.711      4   0
  1  1 1  70.148  70.698  79.772  82.321  93.346  93.895     74.337  95.397      1   1
  1  3 2   2.102   2.702  12.326  14.876  26.450  27.000      9.128  30.100      4   1
  1  2 3  35.150  35.699  43.624  46.174  56.048  56.573     37.725  58.173      4   0
  1  1 1  68.122  68.672  75.421  77.971  86.696  87.245     71.039  88.495      2   1
  1  2 3   2.074   2.649  12.523  15.073  26.872  27.422      7.659  29.198      4   0
  1  1 1  39.621  40.171  49.070  51.620  62.470  63.019     44.402  63.919      1   1
  1  3 2  74.644  75.193  81.943  84.493  93.192  93.742     78.077  94.805      4   1
  1  3 2   2.053   2.628  10.827  13.352  23.502  24.026      5.877  26.977      4   1
  1  2 3  37.326  37.875  46.200  48.725  58.999  59.549     -1.000  60.965     -1   0
  1  1 1  68.423  68.973  75.723  78.247  86.947  87.497     73.773  88.658      1   1
  2  2 1   2.077   2.676  11.801  14.351  25.400  25.950      6.221  27.588      1   0
  2  3 3  35.599  36.149  44.498  47.048  57.348  57.897     37.957  58.919      4   1
  2  1 2  70.446  70.996  79.746  82.295  92.994  93.545     74.104  94.844      1   1
  1  3 2   2.103   2.703  12.377  14.927  26.526  27.076      8.428  29.201      4   1
  1  1 1  38.450  39.000  48.374  50.924  62.248  62.798     42.062  64.749      1   1
  1  2 3  71.698  72.247  79.997  82.521  92.221  92.771     77.148  94.746      4   0
  1  3 2   2.124   2.724  12.173  14.723  26.097  26.672      4.757  28.248      4   1
  1  2 3  35.372  35.947  44.796  47.345  58.145  58.694     40.120  60.370      4   0
  1  1 1  72.219  72.743  80.193  82.743  92.142  92.692     75.426  93.788      1   1
  3  2 2   2.077   2.652  11.951  14.501  25.725  26.275      6.266  29.825      4   0
  3  1 3  39.449  39.999  48.723  51.248  61.922  62.472     -1.000  64.798     -1   1
  3  3 1  74.472  74.996  82.621  85.146  94.720  95.270     78.704  97.345      3   1
  1  1 1   2.053   2.628  13.050  15.570  27.622  28.165     -1.000  -1.000     -1  -1
  1  3 2  38.683  39.224  46.488  49.003  58.227  58.756     -1.000  -1.000     -1  -1
  1  2 3  71.063  71.602  81.778  84.289  96.417  96.937     -1.000  -1.000     -1  -1
  1  1 1   2.103   2.703  10.726  13.277  23.226  23.776      6.380  26.401      2   1
  1  2 3  32.850  33.400  43.099  45.649  57.298  57.848     39.952  59.799      1   0
  1  3 2  67.023  67.572  77.347  79.897  91.646  92.196     73.222  94.221      1   0
  1  2 3   2.077   2.678  10.077  12.602  21.926  22.476     -1.000  -1.000     -1  -1
  1  1 1  34.251  34.800  44.150  46.674  57.974  58.523     -1.000  62.049     -1   1
  1  3 2  66.548  67.123  74.322  76.872  86.021  86.571     71.461  88.672      4   1
  1  1 1   2.105   2.681  12.950  15.491  27.717  28.241      7.665  30.340      3   1
  1  2 3  39.242  39.790  46.807  49.335  58.290  58.810     44.589  60.462      4   0
  1  3 2  70.306  70.850  80.492  83.024  94.618  95.158     73.045  96.300      4   1
  1  3 2   2.152   2.752   9.477  12.026  20.676  21.301      6.223  22.442      4   1
  1  2 3  32.950  33.500  41.199  43.749  53.423  53.973     38.601  55.268      2   0
  1  1 1  63.773  64.322  72.122  74.672  84.421  84.971     69.098  86.405      4   1
  1  2 3   2.112   2.713  12.012  14.561  25.786  26.386     -1.000  -1.000     -1  -1
  1  3 2  38.885  39.435  47.384  49.934  59.833  60.383     42.632  62.659      4   1
  1  1 1  71.482  72.032  79.182  81.757  90.881  91.431     74.954  93.134      1   1
  1  1 1   2.102   2.678  11.252  13.776  24.276  24.826      6.264  26.806      1   1
  1  2 3  36.675  37.225  45.949  48.499  59.173  59.723     42.475  60.637      3   0
  1  3 2  72.047  72.622  79.621  82.171  91.120  91.671     74.299  93.572      4   1
  1  2 3   2.171   2.771  10.370  12.921  22.470  23.070      8.846  25.245      1   0
  1  3 2  34.094  34.644  44.868  47.418  59.592  60.117     37.666  61.693      4   1
  1  1 1  72.191  72.741  83.065  85.615  97.889  98.439     76.829  99.692      1   1
  1  2 3   2.102   2.702  11.251  13.801  24.275  24.825      6.596  -1.000      4  -1
  1  1 1  36.075  36.649  44.974  47.524  57.798  58.348     40.679  60.148      1   1
  1  3 2  69.397  69.947  77.671  80.221  89.896  90.445     75.197  91.620      3   1
  1  1 1   2.127   2.727  11.301  13.851  24.375  24.925      7.402  26.751      1   1
  1  2 3  37.299  37.874  48.298  50.823  63.197  63.747     41.661  64.735      4   1
  1  3 2  75.696  76.246  85.070  87.620  98.394  98.944     79.425 100.670      1   0
  1  2 3   2.102   2.702  10.301  12.852  22.401  22.951      5.401  24.926      4   0
  1  1 1  31.075  31.625  39.724  42.249  52.298  52.848     34.158  54.574      1   1
  1  3 2  65.598  66.122  74.222  76.772  86.821  87.371     69.034  89.446      4   1
  1  2 3   2.185   2.785  12.159  14.709  26.033  26.658      7.292  29.059      4   0
  1  3 2  39.382  39.932  50.332  52.881  65.230  65.780     44.106  67.606      3   1
  1  1 1  75.555  76.130  86.253  88.803 100.878 101.427     79.532 102.696      1   1
  1  2 3   2.113   2.687  12.462  15.012  26.711  27.336      8.413  29.337      3   0
  1  3 2  36.685  37.235  44.834  47.384  56.958  57.511     43.761  59.058      4   1
  1  1 1  67.733  68.283  78.757  81.281  93.731  94.280     72.354  95.365      1   1
